2413432311323
3215453535623
3255245654254
3446585845452
4546657867536
1438598798454
4457876987766
3637877979653
4654967986887
4564679986453
1224686865563
2546548887735
4322674655533
!---!
answer_a: 102
!---!
111111111111
999999999991
999999999991
999999999991
999999999991
!---!
answer: 71
!---!
441132215352334323215454261221632644656445213353552622323563332336541646635131673357444214232225511162441445635113614351245453321325543514424
312215453552151141123312226465513535442234626625432245665237412214265255271211437124272714461512255322222164516522235245245534445413541221433
443151214341313223414136533512615424112315121662431175772242275162553116674144511314266234544414242415455126361543514562663322113244543311351
332214452151354115414225115552132652315225662141412737534647165564417642465472123263413564732546146351125624511461356362213422241145552335335
111231515424424415511526233341223214634136446246727762247242464222611262622274375355571732753224665336232665342252311451465611114122124541123
222225252444221146565351533441332342414266522175136523742733276476524466411723627531552427377723114711646431533356251526631562142235231332213
323342345314322115664521625442132322465333737135734316666533727547452174462247456315755746534352124716377231214411334325262354511254334124135
533112512521213133314236121416355315432552125712563416375132723612753244752652255465377557637522755746576125256632323116154231135333151554122
432553154452551656365631256532445252731574314237724713136126257175112152563613516612435461514767441662521112161452222654553311336433231235345
441435214525453114522123225315166171224546624427247662224167577447613124525252741566672141773321664322455136576145361323551612524623211244213
455431413323425666553625262243653454712264651711352367453756666143744741365524413235622567467727322573757634246641553142452515516345541525113
311121535522631433331434151433575114444714627615633566636741547285868358287456768777554433514353215233713746512536156552154336416656551213343
343234532464655646233325365344366262267726535411625774162776846856754733628573586773735236723733355261352423616745515412245434365634232521521
541441244326541636225326444656436331473224744433543134658583385856875338322577532822457533436555725232563575472643524465425522363236423554411
431321252265452153351653542526721426154544235152534688582533836443487228624582778355367333624547261574165226332247645166455454166442364541411
542422221255332464663521111624461661426133266672538475344268726528647837756747263553835738635225467443765431514525241765552625155364446342422
114341642331122564554562271133711235346252546537748534826552288453824773264666845548564526574623624362326557462653161244241155223215113322113
545532464353451423366322476527215224241522568224427848772435827254845875482545348754876638254285276776214437631641315523213236234162323325351
135452614152566153223744554722511266165372885467443288433378762826684877435846536375576452662282785364417413641573274166715146566244624124341
312155623456555353167123757145263313244662337882837232584374744684674542346723372324364337655352742745654513555357175771572464324641622333225
253565645116252312225262734624465456372678338763887278453366646368786736468377456583326375748233867383868223732446462251537312166442131634312
242222345243542212557356336344356525237727643365447883264376653765827324452236348472748662426588432542843254133522415511567535665165245232544
443255162444332161322553757645277723377428527647453882785623543362722426244266726647585266785262344665438843271327741345412134616615221332266
425644225565131414324614367732655162357457226346425783337754648444973943667658446783522767436448286383664252361754735251671414553422133263631
346554533425325443551661216572632682273753567246568483354585653354939333399674755667654834685466738253848357246647634412654724332266155152455
336242145552246331717472431114578533783477524762637386267974666738354556877573659679339687485225876265388628254521375235675617115341544435625
663252661156311345721547556242553353786483885344725874854485335953869533649888877475938684743476656327268256362682721516664416312564211535335
534652616152654665232517554415872782875686356587388585583337733469664644648658659844463488583264626858723765262426167117612423326142151443616
411624561434361526343771514363477478547425784755295796953366499353339946798576465398557685635357328523778544553582873162677735313344356214364
445554235636623656436636541653643232726523436245943898587443847464657449844378896539433965658563864322846328323428273643771322151776546251252
366332622221217674747267775284472445578287465685999638548488743778368649736399655399564339338453775534767334775353236312522376225525113144556
235156511126472366333665415222375564322752485339564746578434838794638939476997677886668557777455877857734348273227867423467423474752455145322
521645134555261423735172326456443585338453999367974663785557559389458675678758399786434673445889697464857873652583628317417777163436365314521
132114622511561521354525626367554345273743359747993579596545557478699958794458549768894786557563896635726648858332478323633757363547511552265
641422647745763517476722554527737383446363883439667665448333676668974553339946354485368585689886687368635682838552848484153252144227725221134
555453237317324554143285383264624882368749693583676369445965857888865884986699789399997788356697639679832442678872624245472776542226256633664
152635466163266312636787347446266755583587688435675574957369784794967977974547764983348763775496334837946432488538844785524553544656261564425
243511451223447226265862665377372838877689559445538499895654466947568555545455787795895663794399353334857864838533268784235417473512453723152
521465352136542427525877284553323234875638333875859466584485697757996975866549857697445577334775354667589684835758388882224346623267352651434
661644521447271451717673538837662643464586844685844596748974994756478445596554948656646943846466398993798893234444883553652243676626142475411
642134664164337256168765265786637637949669676889389445769995549796957585699856796989899954937894565855955648727336842877737533347141676226444
242131464333271121234854527526434847757584966534575588975995944874648466795699875588874868599978388853879749645258885672335453664162316526264
344337645272371332543357345737223384786659894579898869674547876888684545479958599675864988494959689778947944868557473484575235764531517563234
246152264442155446656858557345736796793898738894999749658894549655747445459566865758695596984873647474656998499675337758783332422677343315351
152162376617366318342534823632673456473693968934846674868766887975746859695589558665799899996868457959769676598565474256272767462166437752121
213221561431577432544537225388354657654975576365574854478495749955954445466949969498766684788774694633966585569873222463852436551271344257544
452522555564137443743644373862333733784949849957789447994567899969966847768979659946974877597894479398734399488998743235363724214421137267362
166664253447732352324377842734594573679559797556964495879659476546996985777755475779985994697957754986484459895497468366285533313334566422376
333161663423335242333636542484867366875978345976597888546778956585885875699866785868895744856966868657557797556759244733337744584321657672447
132434116132626883787742725256833758959773465848754598765759989885665965875786666777467878989867766445954634878745564484245285547624255577575
621221772266627265485385467443348769887453794577647465766998855798666678987666778596589654955655575766599639449463685246252337663174373573661
373117531661426875367455687976548878395695657584569658546489957968956576895698859885974685884778689477655367457564787368586882878674541311331
237753716476658823648325522353989656544698974458844994475865988989876966686885565899978784658565697884633667675977563826362432546531317746554
137575267444274456643655325447877553547359784697677595469857667678877877787685959575555976488785659959669484339758639365855856624831156655115
471155645426466483835822489663944685393456469486458976799888599896559887857665997898577788756566754877545874735595959862385386853577516742765
224336246436358237428456684394853845666975586474868969677856866756955697599877699989658678895579676999498754346695385522427467758314275573376
476234633113285387627658744388456755438456464587449456599665679857667659968998668855878897998964575659977984577655675423758836773642713757362
674552474613575547227438464878395739699799446766687578755595678689767977768875667777668785689555766947658796557545336477626624878534253122641
261617276157734485622546364996448964776449688974566789586857995657685969796689869899869966975597894685559534634789355456674552347885225146134
442777416665864524878744964396939599464494849499858689976595667577956899975587765986967598687459469646546993784446654875664844832841156272155
622771446363772623847726769593366878859987744986568679869797889876987899667969857855958795859549494644859643963678793478738262237562266172437
211454341762354335787858378399337633658489557478797668997697859598866688886976789789859965677966966556996693873383496482432783573744511376514
751556737627475844836858777466934337847877849568859695876776588697777978967787697778656887575676859547677897673775868886638466848324761623777
377354132668432838654245968867799665976946559698898698556997959989678768979888689798685889999886475957598778939983699798628675667235276235337
274461211658662748736846375658554664777986459774867999679958977878677666676776986876987565675985899476779478874853583656653853235472623156143
175176442537338365485757955983393796967568584595567995796768677676879767978669676978765679855988689687586496884435963743225446323368526134313
327477746736537356268737497865339637694945874578786568696685688786676799686678787799675787766966644757898548768635896433524233325873323531766
156164616336284368674837853653357745759479794786968587697878697678978778788866787895567757887669484545559967659667544795424624678628431214145
554172253546762372852384849959746735777578568676765796777599887997989987686877678795889996776587958745549499346578486345345253344552344467135
115361712464362778387457749658843586979486756787687786789898686979877987987898789986779799765966877996759689957864443593264253773473475136727
163622266213475473332524336653854587869675584649988577985767778889898969668789866888766967579688486758786998336985783663622272524647564333721
413565362427484666565324765337933789855846766679879967899879968999788898786867868989589975685859984549559577935399659748544854364463257241131
734267363348737634854254669684633855555786999959776757655576897679989779869986778769765568799795475995997795998455643464264468544366626274765
453512137778447488874584576756874779865686459587777977656678987988996989778767888669998985967965847555566869546699666586666783836378336143571
135637421725653628777527599766638379689948545649859887759765787799877968878977989797856775559798886854679464436953479685738433884572453533173
444663164366378872874779754498969449544875795549986859669556778696697979987687996675859996676665796494968586437567394699276337452663465261343
127116134543862722762866478944339589787868978597989885999959897778996669869867877877886956585676668944485875483578379346226865867634343515572
474661117247376223643829958878464978475946886844898755678755778668679867798787867687858975585969544976755448773434969888465833476635267716535
163512764415232867848659599935796775465995586466695666797799567789779767897999677596579658565664469499896578563989978387574724375574112665324
236766431457362345677253773394589757897897648855997856678985787688898888778989997996655579865659869444784779544457366755838877565574442572524
444736225332287633282543775839354399488579598876987969987778687666987967778998775895555595558679464686584467853783394962588437573676355252457
441276346662462765544436993663854697569658776444578677579575969896798787967876888675689776877664646784449465979895459892626434773265231733142
433613241731478734756528563579679937899755657477475796565957957897896999689978787699885775797875475678578799865685476783628885874565472513546
764517777643732467263334954854754743364967566676876665786669788899587768795587796699599875868469756895675474896747435947256482534277137252246
146254313627228632567848696753665754749555769794456577887889955959779867877598575769896666878657595499947796579476496575384527557581517611757
454136634466568572872758375783839333835656745485847576777979679959667978866787979668988986879468654784495695934843637924362684665764253341745
645163375143873683853336668777494638445657449756966975976598878988665757579686565589678979885569964999878483789638443734658576854432555141655
757343244766772478344353365737585587663887975784597797595678966867595868978686965579775996497754784795496689436846898463652572663676413377214
221757314717222538374544257565476753394876896586669758977786858995587985795888655787759967765965454677779943484578349667636878442813611666726
526167143646362624588564423893748596767365478447959954497859675558575696787968685557768867958785764495639755954969359266526226486867736154333
555434774144157287264485874564569489568345977665789487898576586766666696789688999695766757676786757574686737875669467846265432776743635111112
627477455535138736258422366365737466674957486449885945899889559667759879667598879995759584968767668464466539887695964226548236547625111241236
354242336113743633488742554553668785387548469789655988679688658698566959589555759775858966874795797484544554463569623365763257565643512134757
354174617737214455645265358839646785358894855888566745895594586677687855855987975987965789555946579688485954788758482336565847474541576757642
433223277146325568636627656844473348577364669586457875485789894889979675769957779658687769878698657443478675546554732425647744442713553365665
123651713244737242287542484239539536999657387877894874495674766579677758587558849945874848889956846984673457733895372824734635423474162726662
261764134147453183452427246464685474894645335668446788979546477567586697495966569558595979745585783898358565349382368342537623532135351135761
434525335326732444343336353336336489554547539888748877596999668596575556845654986487899557765699749769774648583486834636773347315156534636421
423325134413547743245784758684494333799589579798866875448756955846458587678794558888499696589569989779558933766968756834776654253744733264632
163555331742665135373354723432235485834536567976797888644486946855667797488896856969677574577965588996465883346474276364838642117357571513526
226554417547665137354787883746525577948875759966468848565667888748485545947756897689657894795858463487737634684384444427555275414133325545434
214134141512441461455423767736724456565564858446965487984666847744966465875585866877877495486485566677376998387527264626285461113522612576563
364443116251377276428346386884785393848653473573565844645447579559497747689549994946744747699849376398587639983435458276456244736175344342433
221614177364461214633437227664885533599599375643738966657779599865799766957644895566789754364396474643445655246678448722727113275256531666442
121625462722541367136744733727287474955566746485953969746794945569557685489567499456459867443839373594335998736663728354478265261662113262455
634521356234133322565625835554682477386896335835368886679368655679455886694978769575735666655465669338484324834657235448345133611623453463326
366331262414426324275158752437682856376756874799336644897686974464894796765769897473666544743979784598878543534876353656535225644143774742361
235115247752344735316164342837876825585787665438387435367353583999679668795966587458949559744693836833885782686674552387562573163772115362152
256666526741567376721725565874322482382785943764654645933753693443865838774395365556477893654375979475428538636864848683626432156455457121634
142464523154325446566325826787478764662659543335569774559588877767636839996344654345355745873397768869443834284586822647153612121344621441545
543644532466122713622115474242267387843564944893788594336883663878995568753499439487884465347744659757753585275567452555326334331266534511126
214564435166152722576664753628823644545837268686737754393346794789338367567865864557755649668856889744457452572327435415444631346661336413334
114315451412621344516724615764433365732453824736754358355358568779955358455833358644974773643975846786384586638824585576561166176537323546521
362135554163743327152433617236372373235684436573749449375536797563786549594454563669586989645776834837463424827648255242167764436716613564253
523545634324167653432352254623863533357285272338674795673943863656839375455849376773568576943952464367748747677385547335777564435562542252666
166335123634666377322453322535782485472646382648742759935956989633777498957333975476339339636433484538734638434387523736255326212544626351522
254152361554213514221665631636524482768855462645667846674354468875848564799793754555379856834284846845568765665726755725223646655663241543351
325543113165156544621447547362438332654275884226726674698836776556996699794479376596635463864767836363543353542144423152644321566441563233222
343236324554445566725672625333367573872687263462887384552747383547964739743534878894774755634672852775852424245712237324445255324311622133225
423314112245216245365476275222671686573422687387645545237366478974344995985779696433272357535223562788254788434657313161254156223552463346521
146364144611121132131223356722341522435662567832865527623538447224885463365422662525737238544268565386653266113366414154327467441211225525646
341466334314323666361723641443167331176862844866552388883577244268278636787466375383773447727378325876725354571574213766321654536215362133332
551542123634564263146261366764472472423244685272246266636456437666457286685848855747858837378466788883526273547677514661222662335361334215641
245452515434432244417452627563514161456223237224322283426865635743324887556525546733446283235236242532664415767677477766774231364556566163532
443146236552466336566627775241367173416622453876288335348342878684624636235383767875332652466274346842457657537221232531513653341133426452211
534256244245666636554365453233356632662346462662736585752687785478276677774587572287385367563223877825645262465325242534421253442551534446432
251241634626225335643155645266472441232441676425826845822652228573433362346534582424263345587488622537415373132546772122623153361115614631312
333455156651356526242256217712552265416277264752883853436362877434722524687478387558574234763281124566344474371552655635365626563435436352525
544354416221536441621121531163756554625115627355775567445883878838375558847365224323642224722156415161411354631312124612264155362526521442435
221512312346264526213533521345741566521315135747365514837576332654778722788754528422855838453516712223774471157416553456653512145431613512132
332234524143462123446515126676137416736627145431353355457338657242866352683374533656747151672163651764635424431462634451125656236124522323342
224142451153423612536543614253551735626225435273356654215557633448758342637377265763325311515665741251561242223672145214564326531113441454444
232534241435165341141364554254566452517144433733577366547173465726465753251564475231731464627155622171655324616635224125614233343354414123211
233345314235324512136311233645443476726547342527254113271457241453636277261631775656574154342327527536665646761566134225136345452233544543133
113411551312432131365261244545452356745237743732261226755215521332771752351142212751473561632137125435715662714513235123424316462522511111144
132554544312245432661363324661562334711537526336731714544225126146371635551465122416555432465372635461535565262433625356653635351353424122223
435155211555454545245511653545562146261333267637473337152623621476166136676165144734113454363231563242122443116442656234322536631513111244345
154155552414124323555365552252541562516216366422645777772262211316321711434756764634147364447572562373733435326416353643123455342235415245441
415135134541121342242366253353225443523566331637521151656477522735321376546446222264527313177726354155314311452531622362215513132245242145253
332514234133341124331523452633243233166641421154257763614372532122621473575677355665336364235771372415652212313643211421151235455111335354142
324213413453541522242553321315411652261341523541756743427157265273647534624636244612711413736115421235424452166545213562252524433443341555152
!---!
aaa
!---!
233341424221453254133544232232332553254226534524533226364366224262564522625224422453452525425244622464542422434425523245134145355424143224333
242412213131252221555412353213522155444225665266446426366462465632256323642356346454566454335634256444554463313225343352512225142313432431311
114133114415241354213311544521132232623644326462345644625462523534466624524454426623535225445364524544256246655523133515241453554135342244332
412212321154353342521444343114334223434436224433524665454653532653355354263542552643323653222332654642436434422424111235225113433525143221443
132111344233413154445333432345665423453532266462535423552663544255634622264623452624642466435255542434535356323622441134351541141425353323212
114214342554432522435451333233633322662535234536664462362464366224525466535253532526463256236253235535352444525263213353222133153241554121323
222423315115343422113335434556222632432253334666424644334263254744545733335477747222455436564233262252565264665523361123245144243335213341413
314223455123245133315554242432454554345324523446545444623535753346663476473377635663463266356246433254462454444554364453453141113515433511143
122243553421311123145455264344334233363324652246662255777774564667434434673546445546465647245325656546246252625235454335122254341313153145342
434244423321525441225526664562232335436223426546344475753347535556676747575647574575576334676435224642234352246434255543512544311224214243211
414333253414413522323336662243264242434633252653544776563673637744664737647336557565735543576444436455225262265652345355651424423242151243311
242425431443121322332636222255232224366563645446577363775636656575437565335443655673353455653747575463644243643356336452365521242424253513132
135535131153333144153332334664335222634263337663363466347556343645777366445647565347543655536776646566236325663435652362653413345233521352243
525144332235122212654422343545534642522347454743737763357654335335677544434735465777454665446674646566542342424333445645623335514123121245131
255331111443252332656262666664624225326334356365336653763577646635733375434473374636573634546664534546436256243466443455265223232522533243413
315152452252213165244433652335623633465673536434336756635357555456437765755546663345436754466764337353556344533523535432642456653532453243533
552241135411233365646643562662466335373737457564355433767675455574545553675766435775746637666646334554353373465255555343423665254111452522343
332311145215422555633366662634532343444633355533447543464454455564337764476464666377676663765474444646447646726544542426432565225114434312412
221212515211263335364464452453224546376477455346756534355746666553763576677645457754433444546744666747765446376542633326336456324212312141532
454434114453455632262355446546664467756635645577476777646547457556887568745856753675665647373334755667455547647353654662336345426643521232243
433242414335635446532426524644645337773476335454666363353755845854785567874447557874456653343557766754655466637762245335462343532334351251225
535553552532263354342346326223473477577666743676776636667886465877644844554876655677556655546446654434536664565674343234443334234625422235512
233541541322333324443323453537765457643336544773654374455845557745845477657888676487478844445677465635543645365533734245462535455366434444343
455242211655243265432436633534667476375556334657757758657756745785857675767447675545577758647644753434533666634466356445655432625644251354235
154353543343334366256264636553335566555775477467658777485686474866557868788866886857786488477586473676744436777363354546442324644466546534132
111412342352325235522232357355536344645544747758557688664764655788444746887478667465788864886575475766555565663554544465632465533566225333315
254133553664265342262422476575475543755363777678886466844766475778577677777447778485446784788574675454544757657337674556565354644664546414442
241245436662632466453665635767736677333377668475855876755485568864654454767477885546685687486857778854653335666435365466436365366463445534354
234145663233454245544264473755567637443675674584556868775544877487546478884667878586457856546847667475343663766764735764335433422522544242255
245245255653464643653447455345775334467478685765866567655647566547667544668688488455588745477684444876856363333477333343755232434266354342542
323355243244462562255476335455354575747745868757675784655658487845588874766657687688566768746778474456865463676774534565475664524344326225454
555524662633662463366534756345373563576478866874867588864866458774664576765678485447878747847864745645656555465735756556475523242356455626514
135222435553234226675747455457334574476764666748665648478475874575855887577558847558764678877648564847466655545453367557357664436525353562633
234254222542423646767664436477456754678586464688654846687648675975996769976985887867557766664448567857476777664546554653737433436464554554246
445522335466644356533757454376743574576755544546666668654579975799575575969975789675684846548648646765868564766577436654555475653542536526235
433425364254243456336564373577364748887585644685644574485968768789987588895569867566679648487474856568478544576475565637453373365344655226655
224336546453556235646535677543467565648668486556777749686887895957676796658898886877698668856784765754645675565757646376476337562555264442453
244425556266324477774435346577688846474676588468875686666596785699757969868965568665689985778866855765576548866575363756373747364446454223526
245636546453323543654547533475374645676875855665878955668967658858785666779856867957557798588486646864558687568637644357565357633535354354335
552366542245544645573374465657465765844768558568889769687777668656779875655657768985889999998587476444468574648743567457566577643234542226653
323562262232646543636376355644884867688855686849556597877656665687966869959785995877769887668977687556874575544876575777547666457435255532554
322232463233435567573773773458475465465575678695885996587988897898976696966598857768795675877556567567585876664756646754647767644625346343255
643436656533333763456776676447546466745868855668775696697785895857968765559787867885998698786579665545454547657646666576777754765435442263634
424252236335474734746374535477484457747657549889557757989666896595696858877867967589868879796968679754845777648446546674635734377734232522554
256222636255733564636543436475848684578556859596975865686585758678755797778899785968967669978755575968568586774588758377553577477574436222663
525264553363676746456663365568786468765458658676685888685675975598699987887897755965585576659597967986676457778758676547673645746354264424636
346653323353366343563356554868555475754755986889899595666789568777977887799978879965757775778676987987775648675866455447657454677434252245534
243253643646775776477753384746455845566775768558586689985959788969887888698796879998899879659657685865776474677844554534575757333553532452434
644352332647455434775337478854886884747579689669679885686956776689679679898898987877678759796598687775578846774454567543745675637765523625436
663466444263743437463333547477648585666667878957768977599878768776887797799677888688895556758575869986775586484576467454765537774657723343655
562655553735745433744378644476475555889766766575559897788896797969786779968899778766899587667557889765688866585688747884754533734457456444334
334423246446476354477666548685654884489585557669556558886696686888777967799798986796799969856767797999558577848745677775734476475644655566623
253355446767736365545548775686766565469898667856976556988686998867989899979788768899876869565676795588675668458445566566655545444733366346443
253465366374676767766655878868756488857976795955958686879797989866889769697869767667986686779587666897757667454655747774773773343345747365526
522336424745466334754587766676487775859959897956758976988978796796697788678977868876987696876987575986557868654666478584854436435747776636534
554262437373763743775668447858586865655597899579669769679969769886876699669688876777686776786965899767598879874855745777886676347475737534332
452356456653434735763685857765788587657668655685668969696767997988677786796886887777768779878679588588956959558864865684547764535777663355352
432452455546453466777857545778684656768676658979689797888688986997669996978697698896867768869799689656575859448668857658545757467365547753362
552245463646743575666644655486648586685876676599988867777997998979787897777769666796676788869877777877596596844746568474783565365646677762255
553622667564375477447678885554745586565876799768667679678676976669879798789898888868978687787676875656996658658545586667664666776766776536556
452532657347544334445685754574676487788666875969898696777776788679979887998799779977666876976688967555688789966847865588887753774756734362225
342456544377357677667865766677655866667695655557988977689977787799799797979899997989767789878978885987786967774457767885685436643453737646463
644665557475547343776688765884464596885588798897666699967979689878979888987787998677979888887996678879589555795786556665885536337555333555452
332432456447374655435756445445644757799755685589768679768768777999889978777799777789667799876967699677577887684486865485555473375557756534523
422532644653753764754477554756757958669666689597968789776696898778799888887778978789878888768798856676799759794554656887775553556453356664344
364244767665665637574455467844467986956958676866778969696769999897998977987777799989686769677698886875597866554457878658568476445644546574553
245532456533473773788868465747446868596776766588969788699878877879979788877799898979789867988869797756668985565844886677586846355773566476224
644254454533465366358744744576667999965875885696667688766667789877788787989777887879798666788966899866987597956744645755765647454766534564556
442464355637574767376545888568447658757888888899687866679767888898888977799899888789889988879788879565889659896564548775474763557747756635234
333255767754464354348674676464748557899996955969978999896688788778798897997887888799788787869666765559965895678446448686647635677335456574634
222336633554663355556577645554849758578965885697886768977677998879897978997889788777776999768797999775785865877844476887765566773763545536555
423625553777755556484457464488767686766657968886677978786688797999789988997787899978797997799966886788698885677775745644587656645635744572622
665636746547373665468568748686548558795597695669679977977878988897878989888987778798999668879669769999899769698558668777655744476577446435346
224443453754666756775564574445745569565698556798896786677998877988778788779989799797967698897966789856689999588656665864865736374455336536256
452625543464343463785885888767477959795668978779888778986698887989779788988887789777969886998678866686755865789868846888754857773457747773233
252552445436673457586767456486766767975985766769896797867978978779878799888879889877689899677897977555789567875757667757865537674434455552246
453364365746446547655444577885687679895989888976977869868777997778799777979988777998696686766688665598585866788465678477666677646445363532334
223532436533453747745574884564468669966776755687686776867867788989978987787897977779878779896696997678959988786686867756456767363375334736443
643444555447473766678687876757588758897795986689788886987667897999978879998777987878669998896786989565868686684646756745468674435675737746434
622656666737443564345844844568577587785956565966769678786768777998787897788887798767988697966797756889559958958485867784567435664455547753362
334633433555333536775764678768786799696866577856869986777868767797779888977788899996967697796677959898958786864784444577646365376776535562223
522245357655777333454857547668745789867965656597878788987768879988978997798979998896786767779799798796688678987874558668547655445543335424562
446345254454334643346776568768547668956876687985879786799767999977979989877789767888887778997878876977985868856674747778474744665543766444364
634362464655464534538547456668685597798689768765886697798876978967789979789776778796979796987677656795868989745688455776647765374637465732235
366236467464443554543668845666785789955879675587896677776969796987876879879777788676798996698685987979586869847885568744763366465446645446222
332266633456433444444765546567578785879777987876676998686678866689978668969799699979766986899699855897679896667566758888857467755636643522465
326633247777565754363545745757467566567555885555586867976778899889786697866689779996977777999575869758676699475755848657447557463657677462534
632545547374354656646458755454565459686885565776575986976768787766968688899667769668696877775589988876967969756885587857875435553546576244262
525336365354563464764587775867487677979587867586578897667788988867776769898866799669686899976685577569765556558466558888665566373477554333224
546265434664753335655755485856644648986876577656675589887978687667769697969986877688689787969887566759576756668874444745774473736455657656236
262655343343756457773456678675446755669777698975988798877769889767988996899968979968888779577579598778769675677547458857536574535544465224355
435543266536475556556776867886847557745855868756675758678969678887987877789899697696667788965885669557897647655454684788444375666563544233656
432435644376466743436577755585787575868556765957896767577876887986686686686669976977989987965777688686569886564465547476744373753564773326243
636242625266656357547373578457748566646789585768897598898679968698889667789667669698887889958669667976766764587457454443567674456363563446546
633254264237676436673666474566865687578777657569768976898856888789897876766998888766586675567979669567575878488854488475673747563573434222464
442422453547636646757366488464848488845567578869885889899897877776686969987979989965859755685796886875587484548787555767563346346444565255624
556525256436634677457677777778446855748678856588756687767686578869887877788988989585787678855996668599448788785574687457377346464556566645223
652555536247666673474345667445658555848768986697675898775555877676688778876965786669658559777896675558744864578447546657463753755333265426656
435526452244334435563654655755546648766447879867995566989798696759889678877685865886668668776766758767885785654856477574647344455754265355224
465355432232747674377367767547587754654775468866858795555775587876678895688966767589885666997595796787468774454745645535555437447462636453622
442254665644575643547636435675476645774877677956785886868798566759678676685677658855785567965585865564767448788568857455377654354655652343345
533236323633456533676363374468664885464757866479856976596768668869889887967877898879979688796866757856758465784768747545374547665453633564626
264645325452356535776435766474768674458786766559597566789977866966899758877566788567656765796756554487645658877885377364777635547444643544332
425466363555335334565633475465746886877467566457555669867785776975588776668978799588568868857667444878465886844553453355674675563522246536636
466654542365246577773437347454466666468576664764787788578789758885887655588595765688698797797546758875778565874747774564455363772255223334632
536645625654426633443654535655347485657567878888764777799797886559898858585558556588659988946458657878758577485743437437375775344364526255663
355226223322552453565377474375755787687588655486474669677697689768969678889687897687875675584786445856877647554754764656544447753444263253523
552436646345635366666547565643636484477855654458846774457785578588777567598998677586856545678467574864574575754775645774566443542255436565664
115242664563525537335743454563664748554748845487745747674787667988999995597985885868874677844877677664677874465363465374454467236432332446266
546256356234463633534566734536557346465758764744776485448675579769668679697566558757868678588467486448586866646434764676757532263364666634556
321654365533662444457343734736334373565745667844847845767756758466856599557897578556446564864446687576884746636545667454566552326356322346233
553164444553652633633763773766565647387676768785765685677878477656456474455568884767876777568877884786875636563643436334657766344543425324434
425362524222553425357576543754733533346746648856478564646886455884458878687448468768855864887677445858475447753443543743365534635635636663345
551255425355634626252674445363676673645454447445787665458668646665544645464758478687674676547755754886533756374436573655573653232633522245442
451244264564434646653234333734366776366545578886684655555646557586676455576647478558558756656874548468457556446664565743333223353262522434411
433432436324626324635626376655664375574665367676688658684546576446855844476866468865784458584566754837535645343335545776654224344625543431432
431221363322245436546353456334674665573654675687575444764545748588867665458747546684555587866746448676466477337473754755555236333252545223554
344212242326426243234443333754477644356336674384864664674684545865644464577554845456476544565747773676357464755444755564465353642366362212325
141143345252553552335443226767373637563467337355786748445765648644665848685458585768487476784583356354645336455747544634243326256232322333215
215243552434526646366352245346356777555435537337658564656666874686756576888648465567788778765645673636664735545774475633263464535265564525111
345323451322543542563243445366775734344576444755734455888454548648566746755466866454755477553657654457473343476333464644433543452245322412515
212253245445664452246336423324756565377345336673663737766567784684688676466565478668884757374645563637667347336443423335524666554543512515451
134131451146642334642256366556745364435665773457556657677748864788465684874874664864355363454746547457775563756574335253452353433245553143424
423425353121422632653246653625656447353464457746547577575335465386584746555786855633556377533365466477343545537544453234624263243554451222342
433245544343453456266232265365664675453376474474456354475563573465343455333575336447356643644467533763654755664343244562446256225355244215552
142325142211513523463534625656535634746553673665674473665336645537553576676664353473364357775667344643635463645245245466265423423423355211321
115554244125224524532264332566254254464644465654755744343343564563577436675647646344563463434545334775547673423256656224464552443242144145554
513535352425341354356454652542552432643773465755667456547556457666633337575646437456655343736575437343737656433635456555265425515424215123114
254111145121153515335265524345643442263335347354747354353737463753675535653766433347375765355434765677466336233622644226463423211445552515555
121251423135255143642444222656525564555437455677663755556435657433533646763577454475443457464555676536536362535443323553362252453321553442443
345142233131321415123352352364245332242334365647443335763766363366374637565474377544337676777737647552445465545526345555453535444342534425514
342542124355125312256254523362324665464554453757443556537363663773356445653366464463333466737637335323234446242336536554524453344214123145112
124313421151344223454132524533422533563225236655474465357745535377767356363573447353573333634576336356555653552266645225212432525353352543211
422223413134233114323356646334536555663633363342654565357543536547555335334576473763655567736356435536526426232346436566515224314345213511141
213231432153443113313411336644645463445246245333432664656553345547754455657747643347733366455335553454324523654563552624225123234341254225332
231131155433155325323533432446635643536336525552643245356736563356745543643736755776472363634323645232424243654352534142354412324243441411143
121312534221314523423135231436532262256366324245233324232462546747535364757347546222225455222352262533424656456345641443355231341134514411224
122314125212135515135151255136443446455625322523333424335644534335525252323454342344223534524264534462652222223332633155512352113121223542123
342323312324532243211351545152655642335462622354442524446263243233526656325243326532665422635633352326326662323431511435154553245453423133314
431334132234314213315211423423236563652446256363246236523454664226334465242435653545333333622252346343332645234324121425215522524515522424331
314212442212225511445125333213352432542544534352632563425326262363622436663656554522332336546546655426263443432333322413335225445523142231413
!---!
bbb